Limpieza
Recepción
Dirección
Publicidad
AtencionAlCliente
Sales
